1299851
1551564
1695330
1733354
3077172
3343851
3355114
3434452
3645684
3759875
3829994
4097331
4410973
5304733
5307120
5441149
5484941
5557811
5562620
5564475
5607217
5611312
5736353
5736843
5740084
5830685
5831364
6152524
6452117
6453937
6715926
6761412
6761440
6767082
6802453
6803622
7619542
7838740
7840161
7895146
7959301
8002071
8003961
8137332
8146026
8266125
8511090
8631189
8639883
8773254
8775144
8817914
8882069
8937054
8938475
9157673
9973593
9974762
10010133
10015775
10015803
10061289
10323278
10325098
10624691
10945851
10946530
11037131
11040372
11040862
11165903
11169998
11212740
11214595
11219404
11292274
11336066
11470095
11472482
12366242
12679884
12947221
13017340
13131531
13342763
13422101
13433364
13700043
15043861
15081885
15225651
15477364